3832
3832
465973
612473
612473
621533
807095
1294741
1652541
1917731
2467791
2768501
2768501
2768501
2768501
2768501
2836421
3108351
3711001
5120691
6315402
6315402
7587032
7587032
7587032
7589742
7768402
7790922
8197942
8197942
8344522
9609622
9609622
9609622
10046442
11134252
11801292
11856892
12034642
12233422
12588712
12848262
13340732
14085096
14106476
14135350
14157134
14157134
14157134
14247236
14247236
14247236
14247236
14260960
14260960
14281853
14281853
14281853
14293310
14298769
14336546
14362766
14437914
14437914
14539104
14541472
14569869
14680530
14700117
14707794
14707794
14707794
14795451
14836197
14892665
15012486
15115280
15115280
15220768
15227162
15250661
15250661
15392486
15480566
15480566
15480566
15554922
15580900
15580900
15728161
15740776
15740776
15745368
15801906
15801906
15801906
15801906
15801906
15801906
15801906
15852801
15862891
16012783
16040748
16134235
16185413
16213404
16286419
16503453
16582131
16582131
16606569
16635277
16675569
16827148
16827148
16832632
16834659
16895540
16967845
16996451
17027632
17027632
17094311
17137628
17143007
17227307
17250666
17354805
17477864
17477864
17479606
17774061
17774061
17895820
17895820
18004222
18147014
18178850
18549724
18573284
18580938
18753424
18812301
18831926
18831926
18831926
18831926
18831926
18831926
18831926
18831926
18831926
18925120
18982486
18990782
18999969
19017675
19043121
19058678
19080151
19084896
19084896
19084896
19089339
19196895
19241864
19268706
19362341
19477583
19533512
19599446
19604599
19617541
19638751
19651284
19739126
19739126
19739126
19739126
19739126
19739126
19739126
19739126
19739126
19739126
19739126
19739126
19761742
19793134
19899980
19934731
20052899
20052899
20052899
20172153
20255118
20405787
20559705
20559705
20559705
20610385
20675681
20699709
20742888
20742888
20751145
20751145
20973388
20995648
20995648
20995648
21110041
21128334
21167611
21215254
21258337
21258337
21406457
21443029
21525682
21525682
21525682
21525682
21525682
21525682
21525682
21525682
21525682
21525682
21525682
21575717
21619519
21637349
21721506
21722318
21884579
21976616
22018221
22020109
22129280
22187085
22187085
22187085
22187085
22249836
22317663
22448617
22603674
22619344
22650211
22703645
22790968
22799257
22803269
22954232
23022687
23281108
23281108
23471698
23477240
23655688
23937894
23937894
23951122
24158979
24299842
24308172
24705246
24752038
24827393
24913074
25085885
25178222
25356462
25575859
25653301
25723601
25723601
25816369
25960714
26217297
26217297
26217297
26217297
26217297
26217297
26217297
26217297
26217297
26361656
26361656
26562883
26574283
26637348
26668729
27004298
27153523
27212119
27282113
27493883
27493883
27493883
27933405
28213817
28370738
28943715
29297242
29422823
29447428
29447428
29447428
29447428
29447428
29447428
29447428
29447428
29447428
29447428
29447428
29447428
29447428
29447428
29447428
29447428
29447428
29447428
29447428
29447428
29447428
29447428
29447428
29447428
29447428
29447428
29447428
29455588
29769998
29770862
30844417
30844417
30844417
32340937
32871086
32871086
32871086
32871086
32871086
32871086
33135872
33276161
33680887
34019598
34116377
34116377
34116377
34116377
34247411
34247411
34247411
34743251
34743251
35157660
35157660
35237385
35787166
35787166
35787166
36012258
36042554
36065127
36372343
36711022
36711022
37190669
38576013
38576013
39155029
39197185
39344374
39416218
39416218
39501483
39615521
40068395
40316065
40426726
40801529
40801529
41038352
41218263
41218263
41378381
41438148
41438148
41438148
41822696
42343812
42836999
43061739
43425975
43633246
43792125
44196397
44302241
44513878
44523552
44580409
44820390
45010849
45010849
45379403
45379403
45379403
45379403
45379403
45379403
45840174
46678624
46822887
46926921
47215171
47475039
47747074
47884069
47991586
48325671
48508532
48624704
48624704
48624704
48624704
48624704
48624704
48624704
48624704
48624704
48624704
48992513
49075940
49151622
49698134
50055701
50614210
51323915
52136185
52136185
52211840
52400775
52418188
52544275
52770751
52770751
53130511
53963427
53963427
54656439
55113432
56419640
56503668
56657187
57181602
57463142
57906313
57937201
58436094
58436094
58487473
58974496
58974496
58974496
59150150
59159771
59513330
60597469
60606206
60779696
60779696
61177115
61183568
61731614
62306952
62513246
62576309
63942152
63942152
63942152
63942152
64107618
64483444
64643056
64643056
64702445
65357102
65357102
65357102
65357102
65566588
66917778
66917778
66917778
66917778
67805368
67805368
68128023
68611923
68991446
69080476
69080476
69181624
69231656
70315912
70435999
70435999
71048726
71048726
71262814
71262814
71726298
71744371
72655429
74478487
75743543
76596783
76721925
76842602
76842602
76842602
76842602
77041510
78905469
79402753
80040960
80655195
80784806
80802900
84035041
84083187
86010091
86010091
86626845
86626845
86626845
86626845
86626845
88387950
88387950
88589013
89297892
90646214
90732175
90732175
90870968
90982300
91180720
91674408
92759522
92759618
92932981
92932981
92932981
92932981
92932981
93419198
93568965
93880122
93880122
93880122
94350709
95091601
95091601
95091601
95091601
95091601
95091601
95091601
95091601
95091601
95091601
95314534
95399839
95463107
95463107
95766807
96230203
96287858
96529840
96648433
98471035
98471035
102104262
102243250
102466223
102707504
102707504
103512187
105327432
105399709
107918290
110453483
111163466
111556423
112934639
116228328
116228328
116502194
116502194
117052405
117576644
117810351
117810351
117873637
118074508
118245138
118942188
119829799
120720108
121127090
124003770
125488396
125488396
126628908
129063594
129895929
130120037
130120037
133010823
134890715
134975165
135317559
135371497
135371497
137413599
138037459
138089850
138089850
138451153
139109800
139109800
139109800
139109800
139109800
139328853
140252240
140315951
140761770
141337990
141376286
142332083
142640919
143159404
144989647
145476250
145499533
145499533
145499533
147050008
147734164
148529707
149522272
150267476
151257881
151387046
152656121
152656121
153151272
153517357
153810519
154435010
155483848
156005429
159021888
159021888
159021888
159438315
159955958
160206458
160856325
160856325
160952087
161704026
163018653
163018653
163018653
164932283
165660881
165660881
166071271
166985027
167281867
167281867
168503417
168952498
170280910
170280910
171437375
171876607
172229930
173629507
173672963
174151902
175222900
175989309
175989309
177437962
178156240
178580925
178580925
178580925
178580925
179986211
180797277
184216437
185684272
186279752
188136549
189305014
189406309
189868631
191807697
193128427
193941067
193941067
195808903
197501338
197554405
198296897
198296897
198881547
203123011
203386661
204273771
209584092
209851082
210732612
210892156
211371719
211994193
211994193
212621119
212735740
213057317
213245607
214213512
214558299
215899949
215969265
216477773
216813918
217418435
218975278
220732461
221615955
221706364
223841564
224568664
225779417
225779417
225779417
225796043
226295119
227531567
229623135
231896114
232043721
233343317
233343317
234128524
234694571
234694571
234694571
237141734
238803978
239372543
239806318
240462058
241150512
242355547
242555999
242827267
242827267
243013409
243413063
243413063
243525545
246178914
246939630
246939630
249459003
249829650
250325731
252608121
254515782
254515782
254515782
254515782
254515782
254949579
255340030
255369151
255369151
255369151
255812611
255812611
255812611
255812611
256552189
256717934
256957128
257690350
258124400
258298063
259395895
259506084
259506084
260059352
262219168
262219168
262219168
262219168
262219168
262219168
263498163
266032035
269229726
269788397
270132611
270132611
270195321
271075882
271445418
274120403
274831602
275455326
276688330
276688330
278145569
279097431
279390084
279777404
281185181
281376874
284590933
284602545
288277167
288277167
288277167
288755234
291414445
292053511
296553576
296553576
297100174
297688038
298410389
299106111
300236092
302189804
302984766
302984766
304679484
305848643
307755781
307755781
307755781
308321267
310746442
311340010
312149882
315187614
316546071
323344020
324555383
327436641
328634628
329305241
333246743
333631087
339724344
341106480
341106480
342187925
342802864
342863309
342863309
342863309
342863309
343679171
345275528
349816997
349816997
351120282
352754946
352754946
352816495
353365146
355911954
356546958
357090058
362144301
368240745
368240745
368240745
370033792
371510063
371544244
372536101
372536101
373338732
378197959
380268462
380648579
384233102
385162111
385162111
390377012
396044297
400495760
402285996
404365807
406842374
406842374
409657315
409824643
412548718
412548718
416025003
416025003
422971305
424624761
426909329
429531188
435232010
436318012
438111039
442057752
444179398
449422338
453124512
454099919
454099919
455684839
457060718
459390022
459872442
462021312
463214687
463214687
466198757
467726691
467726691
467726691
467726691
467726691
467726691
473022390
477934944
478276937
478276937
479724576
486834536
487307955
488935510
490002009
490002009
490002009
490002009
491509563
491867385
493714995
506216849
506216849
507682449
508132071
508132071
518254771
518660800
519152293
519321215
519388948
520724783
520724783
525673730
525707128
525812268
527445533
528674835
529147678
536904693
539833719
542560242
548289031
548289031
548384458
549579841
554148367
556519575
558319107
560165933
561700183
563615572
568188135
568345906
571138490
572080560
572282251
580106431
580453937
582155655
582414351
586291040
588732151
593289567
593289567
605153786
605153786
605153786
605153786
612441328
614600545
614600545
615878104
616307352
618625439
624964763
630995607
630995607
631540093
700637412
700637412
720139699
722242009
722242009
722242009
728273994
728273994
728273994
738806388
746264882
747885404
757832485
764187379
769702230
769962319
782313907
791638976
793331593
793331593
793331593
801997428
803780370
807865098
824903725
828107509
833988769
838464523
848531798
848635910
856010760
866065134
866065134
867211584
874916178
878284831
878284831
878284831
878284831
878284831
878284831
878284831
883466928
904408999
905645454
917442644
931532198
942156122
942156122
961299362
963938472
967900364
977204844
977204844
977204844
981425370
981425370
985749294
987688826
990056731
1012426446
1018340810
1020203322
1033826336
1058807868
1080844782
1080844782
1080844782
1080844782
1099332883
1108565574
1108565574
1108565574
1108565574
1108565574
1108565574
1108565574
1108565574
1108565574
1108565574
1108565574
1108565574
1108565574
1113341312
1113341312
1113341312
1116612139
1130042420
1137827292
1158193640
1179455215
1190453118
1210213363
1216789842
1225696320
1230463969
1240407498
1240407498
1247612029
1247612029
1247612029
1249982359
1249982359
1250239723
1252708879
1259161086
1259161086
1266474230
1271714653
1299769218
1306123686
1306159735
1314996438
1326415020
1330585435
1340459634
1355590891
1359532099
1359532099
1383272101
1402677510
1404291198
1404291198
1424033022
1429437000
1436433500
1467232988
1484389512
1503476155
1505993402
1539378523
1539978391
1540529606
1543986138
1558406653
1563543554
1564890853
1570801196
1577442662
1579290116
1618718016
1640929196
1640929196
1652177576
1659140850
1659140850
1670445650
1679672582
1695505166
1705200379
1720530361
1729333160
1733398682
1796057425
1857948524
1858680210
1866938882
1866938882
1891490382
1891490382
1902163488
1926075181
1957610664
1977482286
2159127566
2184934963
2196799850
2214412979
2227646515
2227646515
2227646515
2227646515
2227796157
2235731509
2236956066
2245797112
2248919634
2253993151
2264401871
2299987059
2300873095
2317351705
2319354435
2328175742
2338811370
2353605901
2353605901
2355919591
2368124492
2385475135
2393001308
2400284491
2421067430
2425571623
2425571623
2441666255
2441666255
2457778334
2461810448
2461924214
2464473097
2472134791
2474409224
2479226604
2479226604
2522916284
2537386628
2542032578
2542290469
2545160880
2553418813
2561429863
2561718665
2569219368
2582963526
2601869406
2605334749
2607006139
2608740770
2608740770
2608740770
2608740770
2613791900
2615581908
2615581908
2615581908
2615581908
2615581908
2615581908
2615581908
2615581908
2631724298
2688537468
2692751172
2707955850
2713968041
2775354102
2781906361
2783540131
2783540131
2799946720
2809959174
2809959174
2809959174
2809959174
2809959174
2809959174
2809959174
2809959174
2825412526
2826266724
2826798206
2827865725
2840668198
2841826715
2845989689
2847815166
2876041031
2876041031
2876774827
2879240488
2880610310
2885493519
2885493519
2885493519
2885493519
2885493519
2885493519
2889557075
2899264434
2912548273
2926204339
2932460195
2951027582
2955863289
2964606814
2977083957
2980236053
2980236053
2985479932
2986235404
2990729241
3014537423
3030063311
3030814395
3068796199
3095991935
3114810541
3131144855
3131144855
3131144855
3140730672
3140730672
3160248614
3192252407
3193073724
3223426134
3223426134
3246790436
3246790436
3246790436
3246790436
3253989290
3264938916
3269171958
3277827936
3277891994
3282955777
3288075858
3288075858
3288075858
3295811435
3298944944
3303457302
3303457302
3303457302
3303457302
3342600166
3380282686
3380282686
3383159573
3383159573
3383159573
3425014283
3425014283
3453306553
3453306553
3453306553
3453306553
3453306553
3453306553
3453306553
3453306553
3453306553
3453306553
3453306553
3453306553
3453306553
3453306553
3453306553
3453306553
3453306553
3453306553
3453306553
3453306553
3453306553
3453306553
3453306553
3453306553
3453306553
3453306553
3453306553
3453306553
3453306553
3453306553
3453306553
3453306553
3453306553
3453306553
3453306553
3453306553
3453306553
3453306553
3453306553
3453306553
3453306553
3453306553
3453306553
3453306553
3453306553
3602064317
3690146477
3695759352
3827830753
3833059037
3856305322
3896850852
3930472251
3988805686
4043106914
4043106914
4091551984
4118285112
4118285112
4118285112
4132825992
4175759465
4216062853
4216062853
4292519659
4327127414
4361001253
4541535439
4691437897
4725383142
4725383142
4823944600
4847284319
4878610324
700382651501277184
701750402786717696
701844034755633157
707231479047315456
707231479047315456
707967655031005186
707967655031005186
707967655031005186
709863948686909441
711606778606297088
711608180535640064
711608180535640064
711608180535640064
711608180535640064
711750460932141056
711750460932141056
713752653289955329
713752653289955329
713752653289955329
714460503289028608
717315174731018240
718492074492968960
722528529716383744
723148184013279234
723148184013279234
725076563302174720
729277017028337664
732521058507620356
735636196290756608
738080573365702657
738786290313920513
742321348664557568
745354130554818560
745824471689244672
748453510048518145
751283435382067202
753163541411049474
754635115368685568
759469096534704128
759481842814726144
760219193195302912
766745056367644672
767788995962998784
767788995962998784
769928202424684544
771408483342282753
774195721000087552
780546876391067648
780546876391067648
780615150856310785
782697135007338496
784575415457308672
786309892990574592
786747937883906049
788532504626012160
788560328640503808
790586865107599360
792054557501038592
793202009281273857
795843492790444032
795857631571156992
795857631571156992
795857631571156992
796424923824746497
796432481289437184
796839329368866817
797179922087297024
798953701972938752
798953701972938752
798953701972938752
799047255378391040
799911790398373888
799911790398373888
800111181058838528
800463336630403072
803694179079458816
803694179079458816
808450839736184836
810603440984494080
810818800627175425
811229675758505984
816260792098000896
817086280597209089
817923454456373249
818893114979061761
818893114979061761
819994707061248001
820243619609243649
820452522494226433
820452522494226433
823668549856002048
825062760954355713
825922405453402115
826631824700997633
829032434222166017
832616065259614209
832616065259614209
840111948612042753
840502412842541056
840502412842541056
843433646962999296
843433646962999296
843433646962999296
845201789603368962
846454000585244672
846454000585244672
848148994102611969
848148994102611969
850507814023942144
856704654545006592
860654500431880192
862621140795117568
863538430575353858
864030687120281602
866010939916775425
867194634736472067
868673067223887872
868673067223887872
870629200348274688
870629200348274688
870629200348274688
870629200348274688
870645098748497921
872615153065275392
873135988440223745
873135988440223745
873185490375233537
877968869138329601
879147821915615233
879147821915615233
879147821915615233
879810242153914368
879810242153914368
880412538625810432
886398296146706432
886398296146706432
888183349864476672
889522784916910080
892377658847350786
897515348085190656
900021957424447488
916333748819341314
919965874311782400
920339307533144065
921411153426862084
924010172376260609
924010172376260609
924530346514964480
926005149104988160
926019424154349568
926164634570067968
926164634570067968
926164634570067968
926164634570067968
926164634570067968
926164634570067968
927734790517694464
929823128259387392
929859631119323137
931934652490829824
935116421977186304
935116421977186304
935810185859338240
938494109844729856
938494109844729856
938494109844729856
938494109844729856
938494109844729856
938494109844729856
938494109844729856
938494109844729856
939486738543796224
939697315379646465
945693405694357504
947924373029171200
948169852547715072
949892499878719488
949910864773095425
950215424981028864
950322380412342273
950563187296030721
950563187296030721
950563187296030721
956137933248937985
956250134786002944
957396820237234176
958729147408310272
960143858024595456
964307489704546309
967027984426242053
967832482354810881
967859267352059911
969781208321331201
973974975014146053
976948534053343233
977954172556361733
983399416278040576
984199530567667712
985523859179925504
995436724493807616
995436724493807616
996273172985954304
996359407939174401
1001848891401220096
1001903494389944320
1003107003693137921
1003107003693137921
1004270117298102273
1005846500583321601
1005846500583321601
1005846500583321601
1005846500583321601
1006135342355959808
1006419421244678144
1009577803304656896
1009577803304656896
1009892540114403328
1009900083402461185
1010384732759252997
1012396774751907841
1012834826896826369
1015196564690743296
1015196564690743296
1015288783418388481
1017517703014346753
1019565941015875585
1020963265969573888
1025965232307560449
1028022611324747776
1029465832781492226
1029612428026204160
1031000589054828544
1031000589054828544
1031000589054828544
1031332700324540417
1031462358000889856
1032523656818294784
1036725216699998209
1037028403734446080
1044582346400264193
1046558381211897856
1046745148703608832
1055333908760420352
1060338999611420672
1060440219097423872
1062026032771989505
1062941830680010752
1064312869414678528
1064912412736917504
1066744429854236672
1067016944174460928
1067016944174460928
1068701541979185155
1070577229787095042
1073606435580325889
1073606435580325889
1073606435580325889
1078589024686694401
1080584229510172678
1080584229510172678
1085134428953821184
1087380412089987077
1087380412089987077
1088371662108676096
1089151295397621760
1089160542865014784
1090179417056268289
1090632578632241152
1094095877302611969
1094713876132872192
1094971056358637568
1094971056358637568
1094971056358637568
1095050114027016192
1095501036251504641
1095523459877068800
1095523459877068800
1095523459877068800
1096205507348623360
1096205507348623360
1096205507348623360
1096205507348623360
1098294927774048256
1098451166306824193
1098819491780153345
1098819491780153345
1098819491780153345
1098819491780153345
1098819491780153345
1104189659914162176
1104524508709441536
1105659718528262144
1110389035174948864
1113898497357623296
1114906616011350018
1114970489942753280
1115826452715511809
1116419370601865217
1117704370630455296
1117704370630455296
1117704370630455296
1117704370630455296
1119872518494416897
1119872518494416897
1120633726478823425
1120633726478823425
1120633726478823425
1120633726478823425
1120633726478823425
1120633726478823425
1120633726478823425
1120633726478823425
1120633726478823425
1121804148377362432
1122911018412150787
1122934522134315009
1122934522134315009
1124001618096160770
1125044084907892737
1134617890735448069
1136974346566680577
1139297142630178816
1141406420815896576
1142690226218946560
1143296723638337536
1146134038480064517
1155845777039810560
1156869775584190464
1157395568135557120
1159682513947652096
1160150106018070528
1161259317322035200
1163615564545372161
1163992520252153857
1163992520252153857
1164044033779306496
1166244003773329408
1167020856079343616
1167020856079343616
1168793622248067072
1168793622248067072
1168968080690749441
1169222736272646144
1169278342543097856
1169278342543097856
1172535926209298432
1172545640360022019
1173882011007643648
1178452608794726401
1180036365062459392
1180313568358461443
1183503749660205056
1187075381725220869
1187808818522030080
1189799454506799104
1189799454506799104
1189799454506799104
1196226398760779776
1196590977932091392
1201953403099893760
1203009388924944388
1205226529455632385
1206472297336324097
1207273044756041729
1210498529325539328
1211081036328665088
1212247565850177536
1212560564225900544
1215467169623891968
1218721688738615297
1218721688738615297
1218721688738615297
1219566773298532352
1220843046125940736
1221462414744596483
1222773302441148416
1224098095325241345
1225382429080391680
1227354200687960071
1227537493395939333
1228268170126991360
1229542513590947840
1230079133662605312
1230791643806068736
1231969046171734017
1235696982242611200
1235970884113850368
1237053825967697920
1237314642583658496
1237314642583658496
1237314642583658496
1237314642583658496
1237314642583658496
1237853058140213248
1238370241169616897
1238370241169616897
1238370241169616897
1238370241169616897
1238370241169616897
1238370241169616897
1238370241169616897
1238370241169616897
1238370241169616897
1238370241169616897
1238370241169616897
1238370241169616897
1238370241169616897
1238370241169616897
1238583088998830081
1238583088998830081
1238583088998830081
1238583088998830081
1238583088998830081
1238583088998830081
1238848104968810497
1238949674989416449
1238949674989416449
1238949674989416449
1238949674989416449
1240461453854998530
1240645212977934337
1240682348120866816
1240877215274975236
1242887487313391616
1243560408025198593
1243560408025198593
1243888276123025423
1244310077349269504
1244795359097958401
1245561638087880705
1246004181372211202
1246440482760085504
1247223374717296647
1251912071438110720
1252251742101663744
1253930331901583360
1253930331901583360
1256102507241181190
1256595851859726337
1258877266513313795
1260515654811242498
1260515654811242498
1261767221669289984
1262322182161481728
1262456293157003272
1264589105113042952
1264995750317965312
1266006636000358402
1266006636000358402
1267462011153195009
1267462011153195009
1268223690480615424
1268223690480615424
1268223690480615424
1268223690480615424
1268223690480615424
1268223690480615424
1268223690480615424
1268223690480615424
1271084812296761344
1271162030393896968
1271163370717265927
1274015453086732288
1276467165802176513
1277653859301801984
1278236816936710144
1278236816936710144
1278401163373707267
1278401163373707267
1280478731874848769
1280478731874848769
1280478731874848769
1280478731874848769
1280478731874848769
1280478731874848769
1282511778522382336
1284305974925262848
1285416100541407232
1287918892761755649
1292671256865587200
1293757447111204864
1295064923685310464
1296104131501993990
1296279134079823872
1296279134079823872
1296949513366564864
1298372735383605249
1298372735383605249
1301903018850308099
1303661260022534145
1305405934164824064
1308292444883005441
1309237180418666499
1309237180418666499
1309417499398746112
1309417499398746112
1312166469891813376
1312166469891813376
1314122647341608961
1314483801846771712
1317580765522202624
1319916075476262914
1319916075476262914
1319916075476262914
1320994760228704256
1321935792416149505
1321935792416149505
1323495003604226048
1325718056539049984
1325718056539049984
1326139149426941952
1326867091333537793
1329615530509041665
1330521007250165768
1330859882040463362
1330859882040463362
1330859882040463362
1333969328006283264
1334688905929613312
1335983975613939712
1335983975613939712
1335983975613939712
1335983975613939712
1337903969851613185
1339166129110065152
1340093943879512065
1340093943879512065
1341233976434782210
1344007696555663360
1344256277518692354
1344256277518692354
1344356576786866176
1345419030157529088
1348317661445451777
1348481478229848067
1349005125277331459
1349149096909668363
1349149096909668363
1349154719386775552
1349803174316679176
1351302423273472012
1351759713982050306
1352841335418580992
1354494993218613251
1354654336689852416
1357131432804700160
1357131432804700160
1358064335415877635
1363482355114119168
1364639441604800513
1364639441604800513
1366968686301433860
1367057849738661888
1367361786039648257
1367553884038782980
1368633664423268358
1369225110146588672
1369319255083257861
1370118821936312320
1372149804143288322
1372149804143288322
1372586612438179847
1376373064875659270
1377330715445104644
1380949455780859909
1382912376597479427
1385103818661109767
1387010761994682371
1387010761994682371
1387010761994682371
1387010761994682371
1387010761994682371
1387010761994682371
1387010761994682371
1387010761994682371
1387802155810271239
1387802155810271239
1390730692208873480
1392058501732704263
1392444458990440449
1392444458990440449
1394086635994681345
1400013985202704385
1401334091845357570
1403739122901127169
1404252914852544512
1406177051996876800
1411285883731562497
1417873927733403650
1417952253449842692
1420492295284080642
1420863242054864898
1421835080813666306
1421835080813666306
1421835080813666306
1422044577079377924
1422044577079377924
1426911929319280644
1427156123690446849
1427387278045810706
1428722963898159111
1429016867532849153
1430225525918871553
1431065187730305026
1431762585519595520
1433796855960424463
1435272849128923140
1438555006077214724
1439073985422110725
1443095900855881731
1446136997018431494
1449302062081138692
1450183437663543302
1455455122192994305
1456000176779300873
1456008647977275392
1456329377634205696
1457520402545086468
1457817932772220928
1459728480111894535
1460176204363972613
1460176204363972613
1460176204363972613
1460378795102269441
1461157250337173504
1462548977367359490
1462548977367359490
1462548977367359490
1462548977367359490
1462548977367359490
1462548977367359490
1462548977367359490
1462548977367359490
1462548977367359490
1462548977367359490
1471037967926018051
1471037967926018051
1471037967926018051
1471037967926018051
1471174998668812299
1471315362088169480
1472410607689347073
1472840303564537858
1473485044018601984
1473485044018601984
1474684988821950465
1475584734705033216
1475926675405770752
1476149306549837831
1476701921893257236
1477862777796636679
1478162558276157443
1478229936972259328
1479291505650978817
1479499011895738369
1480071384600485889
1480493394363392004
1480833851328892931
1481868843522084864
1481868843522084864
1481993284587241480
1482717093309124608
1483388011371016195
1484914062077186048
1487524111832150017
1487664232023957511
1487821293609181187
1490752401619537923
1492574423290990595
1492574423290990595
1494031609217048579
1494087547529666564
1494582293331349506
1495480590572961792
1496668119749648384
1496989477817839622
1497304735887638530
1497343815912333317
1498445304685002753
1499537155806593032
1508153870773415939
1511462942033723394
1512372785511038979
1512414846951825408
1517251708090568707
1519279907389464577
