     45 3453306553
     27 29447428
     14 1238370241169616897
     13 1108565574
     12 19739126
     11 21525682
     10 95091601
     10 48624704
     10 1462548977367359490
      9 26217297
      9 18831926
      9 1120633726478823425
      8 938494109844729856
      8 2809959174
      8 2615581908
      8 1387010761994682371
      8 1268223690480615424
      7 878284831
      7 15801906
      6 926164634570067968
      6 467726691
      6 45379403
      6 32871086
      6 2885493519
      6 262219168
      6 1280478731874848769
      6 1238583088998830081
      5 92932981
      5 86626845
      5 2768501
      5 254515782
      5 139109800
      5 1237314642583658496
      5 1098819491780153345
      4 870629200348274688
      4 76842602
      4 711608180535640064
      4 66917778
      4 65357102
      4 63942152
      4 605153786
      4 490002009
      4 342863309
      4 34116377
      4 3303457302
      4 3246790436
      4 2608740770
      4 255812611
      4 2227646515
      4 22187085
      4 178580925
      4 1471037967926018051
      4 14247236
      4 1335983975613939712
      4 1238949674989416449
      4 1117704370630455296
      4 1096205507348623360
      4 1080844782
      4 1005846500583321601
      3 977204844
      3 9609622
      3 950563187296030721
      3 93880122
      3 879147821915615233
      3 843433646962999296
      3 798953701972938752
      3 795857631571156992
      3 793331593
      3 7587032
      3 728273994
      3 722242009
      3 713752653289955329
      3 707967655031005186
      3 58974496
      3 41438148
      3 4118285112
      3 368240745
      3 35787166
      3 34247411
      3 3383159573
      3 3288075858
      3 3131144855
      3 30844417
      3 307755781
      3 288277167
      3 27493883
      3 255369151
      3 234694571
      3 225779417
      3 20995648
      3 20559705
      3 20052899
      3 19084896
      3 163018653
      3 159021888
      3 15480566
      3 14707794
      3 1460176204363972613
      3 145499533
      3 14281853
      3 1421835080813666306
      3 14157134
      3 1330859882040463362
      3 1319916075476262914
      3 1247612029
      3 1218721688738615297
      3 1189799454506799104
      3 1113341312
      3 1095523459877068800
      3 1094971056358637568
      3 1073606435580325889
      3 1031000589054828544
